ID,C1,C2,C3,C4,C5
1,0.18361838594248828,0.47114709027871604,0.2051673507381966,0.11493899736540673,0.02512817567519257
2,0.14094481026984357,0.41926416227822655,0.217411051807734,0.19654396938858665,0.025836006255609185
3,0.13786304690553172,0.43182126355647965,0.20997137700641966,0.19260728242848543,0.02773703010308357
4,0.2471171320671246,0.4959118654202715,0.1650541137015023,0.0777821233535282,0.014134765457573367
5,0.22088657286352656,0.5190809870892461,0.18376517683805021,0.0687006806821123,0.007566582527064735
6,0.26581709144616456,0.4137176943650618,0.19578556639470795,0.09935003942009665,0.02532960837396891
7,0.2070471872016417,0.5678512352559396,0.16430815758846987,0.05762798376300997,0.003165436190938939
8,0.108341930465549,0.5132822754471064,0.2535010547461324,0.08366112321996018,0.04121361612125211
9,0.07760914985157677,0.48614676872673956,0.2819884739418191,0.10277255714030113,0.0514830503395636
10,0.0972594133785151,0.5413516151961401,0.26509802846812514,0.07306223412485639,0.023228708832363255
11,0.091389900437725,0.5632395938784281,0.28755736292777107,0.04696245161036053,0.010850691145715277
12,0.1739634867483924,0.5882875283885043,0.12116237246675828,0.06881258772541961,0.047774024670925404
13,0.09663046884281679,0.5313830245197937,0.3061428025983235,0.05162243150297529,0.01422127253609071
14,0.1361030551745753,0.5227036525334272,0.26030449316759663,0.05781881880322571,0.023069980321175198
15,0.13587792650711192,0.539242821091146,0.23017576332889955,0.07755411027619512,0.01714937879664757
16,0.22682891170005892,0.512461184075468,0.18072291329869372,0.06699105860376128,0.012995932322018086
17,0.2043456312016839,0.5374462137927098,0.18177673991892154,0.06585142433877493,0.010579990747909745
18,0.235001260410294,0.5234347391288602,0.1641015284876786,0.0660587412359315,0.0114037307372357
19,0.23257554348124473,0.5281014409118792,0.1624533942809405,0.06644417179451889,0.010425449531416817
20,0.20678822272334366,0.5377981218816095,0.17659203372244753,0.06831613425321144,0.010505487419387961
21,0.22440569305211208,0.5178527020233368,0.1593233491609661,0.07885751998316677,0.01956073578041833
22,0.21265123467057154,0.5486604526620918,0.15801141896988002,0.07275214804907937,0.007924745648377267
23,0.2681305071514046,0.49201900552961914,0.1482627618227809,0.07904512216007702,0.012542603336118296
24,0.1990212408574965,0.5015860480476542,0.17442185649967146,0.10964915316318358,0.015321701431994296
25,0.30357396312132456,0.4894355602249434,0.12901940453852415,0.07029762211250806,0.007673450002699858
26,0.3680559182951039,0.4652039997829492,0.11910922282544523,0.04044845342150878,0.007182405674992904
27,0.39495628578840153,0.41385209972964015,0.1272230530117026,0.04693123622414537,0.017037325246110555
28,0.37949752668495224,0.4194712188117946,0.1242836556083887,0.060809383171903306,0.015938215722961162
29,0.26682455033254365,0.4910957839975336,0.16741973403436297,0.06085067551308283,0.013809256122476963
30,0.28783616734514605,0.4965534669285453,0.15431389557631184,0.052164561333511265,0.009131908816485554
31,0.30637278694950293,0.4744177888722852,0.1334494874216758,0.06837298722224365,0.017386949534292415
32,0.16033450909791433,0.495543398114934,0.26032847226815387,0.07715340775005648,0.006640212768941194
33,0.1278565648377719,0.5037293531682883,0.2833540860509331,0.0786802404894952,0.006379755453511516
34,0.16102205428217367,0.5160933452999509,0.21861833762039068,0.09568084515425682,0.008585417643227872
35,0.04684084510783082,0.48187068055894,0.3237798817845925,0.11972577018122982,0.027782822367406982
36,0.044904091306158946,0.4517041370989398,0.3830252013333753,0.09870660809710288,0.021659962164423167
37,0.07945475675651206,0.44981436196159147,0.359715601937384,0.09322702193029689,0.01778825741421548
38,0.041891283501898406,0.514730654005576,0.3709311333574913,0.04902294364285687,0.023423985492177415
39,0.046352468473747556,0.4668415458922284,0.3131244819985092,0.12441298994283931,0.049268513692675514
40,0.053868119880045376,0.5063450860383446,0.3005016949185334,0.10868562306737527,0.03059947609570134
41,0.062140090142439645,0.5185235540805649,0.28157424448705715,0.10359335588481819,0.03416875540512011
42,0.0949576195502612,0.4758090172949603,0.2755158613074151,0.11537716167124766,0.03834034017611566
43,0.06164562998103217,0.4002334587044867,0.3110631896739323,0.17258913786734603,0.054468583773202954
44,0.10561874627197075,0.4966846456082094,0.29177586228051816,0.07697690227826341,0.02894384356103831
45,0.10534970133716189,0.4944665989033115,0.2739046511238251,0.0929375190111248,0.033341529624576746
46,0.0871921870095168,0.4923417470518837,0.27213917906621454,0.12361728545849807,0.024709601413887092
47,0.09299156997101367,0.5484138174045367,0.2622408914509955,0.08205931016186407,0.014294411011590201
48,0.11126970645917938,0.5434034827930125,0.26709137145074524,0.059932744350973684,0.01830269494608911
49,0.08396211333415846,0.550224175469828,0.24190286595798183,0.11052174791615538,0.013389097321876183
50,0.07349317629920721,0.3860506246610845,0.30942627951232543,0.17615022071089645,0.05487969881648658
51,0.06972191680353745,0.43045916135209666,0.28145228434079106,0.15376079255320418,0.06460584495037075
52,0.055849683117745866,0.4707756447804066,0.3181606357627726,0.10937557227411455,0.045838464064960345
53,0.09579688143057985,0.5338207292031454,0.30330719375106074,0.055511352983061646,0.011563842632152248
54,0.09228372212374147,0.5378532167390849,0.2933005637830081,0.06421578089721165,0.012346716456953915
55,0.11891202160834376,0.46757510019665743,0.30396794510481173,0.07036433457648889,0.03918059851369806
56,0.07622911693852281,0.40555361149555913,0.3457409687804018,0.13365184976059638,0.03882445302492
57,0.14682792543025266,0.5083625819892109,0.2668888166706005,0.0567971934012321,0.021123482508703852
58,0.14243101611654196,0.5087150189410605,0.26480076044850476,0.060858166194872776,0.023195038299019977
59,0.08591674946601395,0.48430813194519234,0.27243433222763236,0.10710441803145951,0.05023636832970189
60,0.09588274747153636,0.4594203421369954,0.2594750661434827,0.10651803017566461,0.07870381407232105
61,0.131972827550824,0.45363740429771054,0.25420430196498783,0.09847184293796124,0.06171362324851632
62,0.1421249788701872,0.5201301744981969,0.24403596632624938,0.055925823401721794,0.03778305690364472
63,0.138187020294995,0.5005296616691455,0.22858133890248186,0.07389141002471833,0.0588105691086594
64,0.09023212891685108,0.5069624401504507,0.26689086566338394,0.0931044700465916,0.04281009522272279
65,0.056811126798538815,0.4502717459770445,0.2759207658596475,0.12560574073302413,0.091390620631745
66,0.05938920990472593,0.4051927515955257,0.3062902573742018,0.1384776702645867,0.09065011086095986
67,0.0635056586016023,0.4686645158481994,0.2814969577477546,0.09874821110091073,0.08758465670153302
68,0.055527925386591036,0.4701662466991559,0.3420316736923601,0.09318472026052729,0.039089433961365834
69,0.06061691864674467,0.4096476065012892,0.3984895950618993,0.10124467352492443,0.030001206265142383
70,0.05697271257481062,0.42049347089853084,0.3927570526266706,0.10369274454725824,0.026084019352729856
71,0.08380155796855153,0.40943276671308476,0.35525277474945016,0.10494389660642259,0.046569003962490904
72,0.07187618603963485,0.4014916767403648,0.33365680991988383,0.11928236784209537,0.0736929594580211
73,0.05235346729614008,0.42963184137355154,0.376420125620132,0.09666154869926398,0.044933017010912346
74,0.044490949386350266,0.3731879054442297,0.36049249168727543,0.148758498032172,0.07307015544997271
75,0.12181782207462116,0.4413492464072123,0.31249108889628385,0.07554659450616753,0.04879524811571508
76,0.05932053877865323,0.3706884447800387,0.3651331073969785,0.1465317745137917,0.058326134530537886
77,0.09252604810129392,0.4776440745318142,0.31763494805643844,0.07844926760228124,0.033745661708172295
78,0.08951531788516982,0.47580779221810776,0.31474199934287156,0.0829928824139673,0.03694200813988344
79,0.09067385801654686,0.47695516267725474,0.3265994394706443,0.07979188269928761,0.025979657136266467
80,0.1177519959075073,0.4147994074957925,0.3225242372612023,0.09241225408585556,0.05251210524964215
81,0.10248464712801707,0.41415979960359073,0.3168297769445837,0.09329418998807097,0.07323158633573743
82,0.10241507579951649,0.41989415049100104,0.3172444342441919,0.09071777858113718,0.06972856088415343
83,0.2010035376073076,0.39977463638983557,0.2588934400673533,0.08629991187944472,0.05402847405605884
84,0.1813762527743702,0.3936284116386723,0.2744849067819068,0.09550246815445723,0.055007960650593435
85,0.1288828992763786,0.43744666505195984,0.29186817296005496,0.11096817025559444,0.03083409245601216
86,0.13378428417178664,0.4301099400785588,0.29410396909843856,0.11209423763483486,0.029907569016381266
87,0.12538945571950483,0.47130859803836406,0.26416325724702666,0.10561644914827402,0.03352223984683042
88,0.13273669304587124,0.44631116248466113,0.2599130311866387,0.10120415910618279,0.05983495417664617
89,0.13127468868258604,0.4558420761131439,0.26832799440458965,0.09638796497323698,0.04816727582644352
90,0.11871764551315621,0.4560166948400749,0.2655722962206292,0.10799217373331498,0.05170118969282483
91,0.09469753657803673,0.4616109093872692,0.3132846668498869,0.09761055763406383,0.03279632955074333
92,0.07909682404722553,0.4514426404484379,0.33000597958758665,0.10445097399472822,0.035003581922021874
93,0.09518726987573281,0.3052237154731739,0.42337260293494433,0.13700707846197444,0.03920933325417455
94,0.09962264424993388,0.32644971600433986,0.3988770153329858,0.1283957821027669,0.046654842309973465
95,0.11606769142777616,0.3749903165918018,0.3226630440296599,0.12533428752671205,0.06094466042405018
96,0.12425554425643424,0.4198574995257946,0.3062496745768652,0.11464091376595176,0.034996367874954123
97,0.19792785436065838,0.40695209670277854,0.28228937818342714,0.07446161629481564,0.038369054458320236
98,0.3888589692894478,0.37345863817276365,0.18377221941222013,0.04045167285778916,0.013458500267779231
99,0.48866799902850855,0.3412490601719249,0.12773083418279435,0.032499476343892844,0.009852630272879304
100,0.32207105711855744,0.42856082890323793,0.1804412067211588,0.04836019400747241,0.02056671324957362
101,0.349705387705998,0.40783458635947784,0.17714095322964013,0.04519582719100167,0.020123245513882327
102,0.46640062317223946,0.37896032366686483,0.11741583022805224,0.026928874632398715,0.010294348300444667
103,0.17896766773708517,0.48049587010903366,0.28389757767952944,0.040582857065284306,0.016056027409067437
104,0.15970639677020967,0.47499595877782924,0.2963419799531322,0.04819967466321569,0.0207559898356131
105,0.04731086014020273,0.4884547232553856,0.37643855707150803,0.06960331270448389,0.018192546828419743
106,0.062141949230526905,0.5031809740865545,0.34827342026893926,0.06896005053950094,0.017443605874478352
107,0.06607898221859972,0.49165149086078697,0.34590770302745594,0.07561986122094722,0.02074196267221025
108,0.0825139034330539,0.54187894721222,0.30643624447903167,0.05014334349024205,0.019027561385452398
109,0.11159053809026888,0.5319097339670305,0.29521682284611855,0.046601215057527616,0.014681690039054611
110,0.14093894759610517,0.5020382424606377,0.27215804443001934,0.05519056957748653,0.029674195935751286
111,0.18392656754603262,0.496884388789695,0.24141095375103822,0.04783351991232036,0.02994457000091383
112,0.15057487540300446,0.4998901038858347,0.2668750035773765,0.05119463523507764,0.031465381898706575
113,0.12967997294271555,0.5702177413078217,0.25465655404547693,0.039035619100356696,0.006410112603629011
114,0.18987210212351965,0.5102281085240502,0.23891989646237258,0.04081720692019942,0.0201626859698582
115,0.1784988227999641,0.5245498642433661,0.2314243648533279,0.04359712756380992,0.021929820539531974
116,0.18849347075534045,0.4955314760726362,0.24014213054948333,0.046650633708729614,0.02918228891381034
117,0.164164438707662,0.4835045657331742,0.2566410797625009,0.061450458932253,0.034239456864410066
118,0.15370275797256155,0.5027160368178714,0.2532794771436081,0.06104515461809725,0.02925657344786173
119,0.1449475698341921,0.5173264530673205,0.25381991080517075,0.06253325851119267,0.021372807782124095
120,0.12682911218359622,0.5077055716371567,0.22294616549257845,0.11962433762605906,0.022894813060609476
121,0.14351452878024093,0.5051319446888382,0.2525678979413662,0.06658640160315138,0.032199226986403436
122,0.1280564048601988,0.5215438200809911,0.24615325986459094,0.07276119972647768,0.031485315467741436
123,0.11915455406710296,0.5263768416126323,0.2547757734991033,0.07591260379067968,0.02378022703048172
124,0.11782735944222456,0.5183167581177016,0.25694218817424264,0.0787967921714823,0.028116902094348886
125,0.13979807689453208,0.5468936424222,0.23350226775753907,0.06626368814114893,0.01354232478457987
126,0.13766677932681007,0.5636123073135486,0.24476668163630047,0.037984597945731426,0.015969633777609422
127,0.129611563508155,0.536541879683292,0.25495104906402777,0.052883028930133455,0.02601247881439177
128,0.1487770885629422,0.580278406326452,0.2098329533627145,0.041086440204062186,0.02002511154382923
129,0.1639889149932494,0.5951004814174262,0.19634225611009484,0.03228562760651366,0.012282719872715788
130,0.14549830874632036,0.5228235473540459,0.23757918711945078,0.05443855661718456,0.03966040016299841
131,0.2050185355410282,0.5544297945660014,0.18741337401318917,0.032571390482349104,0.02056690539743217
132,0.19373004331196117,0.5250904129741752,0.2123459940535563,0.04659631122943111,0.022237238430876112
133,0.18619819886929584,0.5758003425819485,0.19571411579517942,0.03234408851312449,0.009943254240451735
134,0.20861115757994217,0.5239518105508694,0.201592111608864,0.044399948053186894,0.02144497220713756
135,0.23306137286325648,0.47024801296274227,0.2337299378438154,0.04121204178204979,0.021748634548136067
136,0.23107397311779768,0.4696591937157653,0.22717546764435376,0.04878750372685702,0.0233038617952261
137,0.27431390236488884,0.4674243236570174,0.1915160177981469,0.044246823725198545,0.02249893245474825
138,0.30103297890722935,0.45769776753703145,0.1771704883044657,0.043387707748644415,0.02071105750262906
139,0.3105230837116928,0.4648602634311443,0.16285200796980656,0.041014112704004554,0.020750532183351638
140,0.26038378882402446,0.47087616668419235,0.19537661798525582,0.04355785806464432,0.029805568441882938
141,0.2264197644196339,0.48599504526929915,0.20586719435262135,0.05582631101710989,0.02589168494133572
142,0.280586860393834,0.4995085525771414,0.17324966894816116,0.027944449884800455,0.018710468196063156
143,0.23726593941519775,0.48343599246543834,0.22154720664819574,0.039422494432012664,0.01832836703915547
144,0.24651345566125946,0.47522197576862335,0.21740808828534278,0.04063152461386269,0.02022495567091152
145,0.25999128887940254,0.4740596009676824,0.1975411943027037,0.04389054720958119,0.02451736864063017
146,0.19309187347120563,0.4973062106543363,0.23310958036495824,0.0577806162457707,0.018711719263729176
147,0.13170964718992909,0.47756054045220636,0.2584698710289176,0.10206811829241941,0.030191823036527465
148,0.18749607947300695,0.47365718634979326,0.24706656132196167,0.06272625953716843,0.029053913318069714
149,0.1746301153123861,0.4654070223471511,0.24496619860650634,0.07902474246704655,0.03597192126690996
150,0.17260309942772253,0.4872639137853853,0.2436688637205087,0.06810269808645865,0.028361424979924655
151,0.1648320376458506,0.48956517942983285,0.23990374307348006,0.07599757450911411,0.029701465341722497
152,0.1657978497284043,0.49115765753370305,0.2418189822018877,0.0720552574766749,0.02917025305932999
153,0.10686224151706382,0.44229842645421225,0.2859154428664711,0.12908920953717698,0.03583467962507586
154,0.2414768794804766,0.4921710635589899,0.20316573723085776,0.047363862758125236,0.01582245697155053
155,0.322553372965052,0.4198165757662614,0.18243911618796854,0.04910837735644478,0.026082557724273335
156,0.27101406793986704,0.4545437042458979,0.19690865751884826,0.051493195865419665,0.02604037442996697
157,0.1455501031374991,0.5264618448253551,0.2608605191000897,0.058460622682304855,0.008666910254751218
158,0.11839860607422129,0.4433801693666758,0.2804638292504959,0.1092939915640783,0.048463403744528614
159,0.14914200150067616,0.4947811772458682,0.24922665755325435,0.07040639224128005,0.03644377145892133
160,0.10901952064976127,0.4876177070112885,0.2843894899379161,0.07963394271681716,0.03933933968421694
161,0.13396262648015925,0.46490867949927234,0.2701869305250153,0.0904647495576663,0.04047701393788684
162,0.07271041162374584,0.5030554397469131,0.295274662271566,0.09146358202729332,0.03749590433048178
163,0.07702103571264572,0.5499729027137903,0.26881288433949674,0.06755797885185513,0.03663519838221212
164,0.09653100918171273,0.574398657098639,0.26055841371327915,0.05454805541815751,0.013963864588211786
165,0.11660976398797662,0.5451735163737925,0.24778159188478563,0.06652876200127723,0.023906365752168094
166,0.09741218763909856,0.5074563007895904,0.27617150208605395,0.07412362939443087,0.04483638009082612
167,0.10537121232741235,0.559788639279853,0.2458407663763598,0.06951984573949316,0.01947953627688175
168,0.0977022502073336,0.5599979266354413,0.24754146120188728,0.07314094887554053,0.021617413079797268
169,0.08619213598658336,0.519578808194677,0.28002757014186314,0.0805029779699296,0.03369850770694679
170,0.09667247075356507,0.5216763597948894,0.25722127190338606,0.0811048891041994,0.04332500844395998
171,0.17451097834647913,0.4859421393012942,0.11849806804067729,0.09818425176756893,0.12286456254398052
172,0.12618444767333845,0.46861625465082385,0.27712842805820753,0.08795944196871831,0.04011142764891185
173,0.09125419515911753,0.5283333947858662,0.2868041281890254,0.0715497898293439,0.022058492036647226
174,0.1427105519160351,0.5284215930432437,0.24638503527987318,0.06431650548634228,0.018166314274505765
175,0.13265939603852137,0.504314067465797,0.25320499051783857,0.0652084896144776,0.044613056363365364
176,0.053341071109787634,0.48536715146065157,0.3301152141973725,0.08614903913661048,0.04502752409557777
177,0.1054857454930812,0.5157448702325685,0.25438794264603176,0.07157385842151075,0.052807583206807854
178,0.08861641622728428,0.5408756104716672,0.2635826631859529,0.08239693559559465,0.02452837451950098
179,0.10640950537743017,0.5500993603996575,0.24282758651254494,0.07651208897584194,0.024151458734525358
180,0.08771129613433958,0.5064705879049219,0.2525808612610693,0.09789771971706311,0.055339534982606055
181,0.09380067151543539,0.487188829278201,0.255781703157007,0.09456988844565033,0.0686589076037062
182,0.12142075477423228,0.5049156102374092,0.2169501414994499,0.07973107966290603,0.07698241382600257
183,0.11609016244456112,0.5080342020732697,0.23800170347506747,0.07421362338677809,0.0636603086203236
184,0.16615979398965403,0.5419014272086025,0.20832426585705408,0.05561563941457531,0.027998873530114037
185,0.15146566501134923,0.5756858044987857,0.19874856878795233,0.04887353296482077,0.025226428737091914
186,0.20627192506167186,0.5014766788566332,0.1978012658052893,0.04844165410516534,0.04600847617124049
187,0.22661274928128022,0.4901707017876682,0.1910532897883543,0.049512393593804244,0.04265086554889296
188,0.1989797540593992,0.5075300713232701,0.1900642834838998,0.048990136097910086,0.05443575503552074
189,0.12536974047302554,0.4832612166530412,0.2858015194355362,0.07306279501877898,0.03250472841961801
190,0.16479368063296818,0.45532657756664935,0.2638934019333252,0.07740790434994232,0.03857843551711478
191,0.15524218059865824,0.4537794075881726,0.2495536696397633,0.09165616374388859,0.049768578429517346
192,0.14472053672459906,0.44993736586727523,0.2535724077678567,0.09217326598192606,0.05959642365834297
193,0.19200471865018737,0.4220670123364025,0.22464005162706777,0.07833155311965932,0.08295666426668308
194,0.16654097739442883,0.39723170265987856,0.23690373542524504,0.10982079954974872,0.08950278497069881
195,0.2333084229539571,0.43861572934384296,0.2526449874790369,0.059507153089510566,0.01592370713365254
196,0.3258674934955037,0.41583088186406003,0.18789925949223849,0.053750074227787194,0.01665229092041059
197,0.2192058188699883,0.46092209540308465,0.23620123627731016,0.06044890080653194,0.023221948643085154
198,0.1815851809394979,0.46795329330733026,0.24991993796237177,0.07255167803420852,0.02798990975659151
199,0.1936205149578175,0.5093292258503975,0.23644242919255376,0.03710339860738355,0.023504431391847783
200,0.1864818220630777,0.5298852157276562,0.23599585493706643,0.034157280788213416,0.01347982648398624
201,0.1431989385431361,0.5226609787909308,0.26278937557079285,0.050303122434591285,0.021047584660549058
202,0.18513592650672878,0.5151316508402289,0.23881000175125372,0.036947746912902264,0.02397467398888635
203,0.3033603144352045,0.44569633753253207,0.18314412193589996,0.05250121652806763,0.015298009568295787
204,0.2443366573549428,0.49500190627527146,0.20466437850397565,0.04148630192968666,0.014510755936123502
205,0.2809524557550199,0.4658863112132925,0.19028609124888718,0.04117852605074897,0.021696615732051318
206,0.3056519106644411,0.422559073849916,0.21146735861689694,0.04381022713501536,0.016511429733730595
207,0.20300868890202362,0.43880508552730185,0.271529668627257,0.06292945204752486,0.02372710489589268
208,0.23691011796399822,0.4444128539039587,0.23004120051162572,0.06553118429423785,0.023104643326179414
209,0.4081227331783614,0.3824526240891962,0.15682889080213205,0.037069027655793015,0.015526724274517146
210,0.27772875221292115,0.5060503036059341,0.1726590375783972,0.032656234521681926,0.010905672081065725
211,0.2900966657968131,0.44012885434533544,0.18887646643833703,0.044785040132418255,0.03611297328709625
212,0.29489366451008336,0.4144430902368762,0.19410105528827368,0.04498752004992725,0.05157466991483956
213,0.33065091967290594,0.38905576153784494,0.22283890731410474,0.0346243456364892,0.022830065838655045
214,0.3158671952617454,0.4685657709616065,0.135165559011077,0.06697665390765811,0.013424820857912878
215,0.35032019512802126,0.4498188799746957,0.145444956781264,0.04020612626528752,0.014209841850731592
216,0.3102293740800392,0.4774711560591259,0.15803199171059967,0.03597641299342961,0.018291065156805588
217,0.3657030869268421,0.42770784152979074,0.155329536049147,0.03097823284272068,0.020281302651499303
218,0.4596586988025558,0.36377926171233055,0.12890864963437718,0.028240978055627485,0.019412411795109136
219,0.2711022344703933,0.4774008676229627,0.17870999337647334,0.034097045648421455,0.03868985888174923
220,0.34765728055260053,0.4198417787465692,0.18089899869030854,0.033285831821012926,0.018316110189508916
221,0.4028620209940277,0.38827048224759964,0.1678757532088102,0.02800794205940487,0.012983801490157723
222,0.3892591123232359,0.3571805692151191,0.1634703005137354,0.05791625070594961,0.03217376724195981
223,0.4273731077839678,0.3639675913634761,0.1447527901381586,0.039010322669089076,0.024896188045308337
224,0.3363442300214472,0.4052462818066795,0.1710304838884141,0.060902840511063455,0.026476163772395606
225,0.3970077373303667,0.4032134294219296,0.1516009812802198,0.03194354345304123,0.01623430851444266
226,0.40300498616222763,0.40250240409473326,0.14849927187849987,0.0304624346609819,0.015530903203557258
227,0.34094123712397495,0.3641513985403744,0.22866932933252992,0.04264066864177617,0.023597366361344605
228,0.3749278591250567,0.39459219057058686,0.18829249287155772,0.031316698049440456,0.01087075938335838
229,0.17514909790290548,0.35964611907254523,0.36341811154105697,0.08682050753179482,0.014966163951697413
230,0.44645467878569645,0.3725653142536249,0.13653213074585288,0.028980426888488755,0.015467449326336969
231,0.42741684794733914,0.38454735814373103,0.14425134240504367,0.02955254193169091,0.014231909572195315
232,0.43428144085080356,0.37695684575885186,0.1391395325125074,0.029872025697455572,0.01975015518038171
233,0.3305940330542438,0.40733756307859087,0.1864209657474655,0.051717118301562254,0.02393031981813767
234,0.3022485563235266,0.4410151718622099,0.19448589835210928,0.044930915717516735,0.01731945774463756
235,0.297042657949702,0.45229028857522247,0.18961303429347684,0.04205849092537108,0.018995528256227717
236,0.27192144680530395,0.46370848506036316,0.19492129724560125,0.04677958489282385,0.022669185995907767
237,0.29057790244934345,0.4636611491159281,0.18219606743525918,0.039851305062282384,0.02371357593718689
238,0.31532574249519574,0.4325764222690241,0.17906556329858267,0.03749569429451841,0.03553657764267899
239,0.28176280520636254,0.45252012054932456,0.184430278512348,0.046907724803217046,0.03437907092874808
240,0.28339361795799983,0.4382513943027451,0.19122577352255024,0.04960287240297433,0.03752634181373034
241,0.2872279536947332,0.4302747836935695,0.2115395458388994,0.04551619706229069,0.025441519710507406
242,0.2707347298838014,0.447526402387547,0.2230585997819756,0.037936629555963816,0.020743638390712298
243,0.2330332197059024,0.44645811344371455,0.24801661930205413,0.04670732270733701,0.02578472484099179
244,0.4016309851329561,0.3503791693002634,0.1708447722231379,0.04123199566691886,0.03591307767672387
245,0.27417740138261465,0.39208632672505017,0.23773515429409003,0.05486736096227781,0.04113375663596741
246,0.16293835658166803,0.405760527919825,0.30376726803920423,0.09211684240459958,0.03541700505470337
247,0.28351735528653776,0.43112798343141634,0.1962533977746168,0.06034615655243486,0.028755106954994156
248,0.20086503324020996,0.5004619281722313,0.21652876790745032,0.058396910838945194,0.023747359841163287
249,0.21169521871004426,0.4574996769143751,0.22833931888040032,0.06387238614615869,0.03859339934902171
250,0.23026378889296395,0.46379382376262207,0.21371352727388354,0.06945010224112133,0.02277875782940919
251,0.260726136953509,0.41543850164012003,0.2080074165382793,0.07904315509558128,0.036784789772510436
252,0.22375997083765264,0.43719982544729974,0.2171418020578368,0.07967957410356022,0.04221882755365085
253,0.19688190030273447,0.4083641259635899,0.21570900566884066,0.12989503950543513,0.04914992855939969
254,0.2528965122320022,0.4906137658930124,0.18915358012607877,0.05214675111753291,0.015189390631373721
255,0.22064824356451412,0.39384317402426794,0.22249358190525428,0.09646124550826024,0.06655375499770343
256,0.27815029522564744,0.39954077921729936,0.19982965173230516,0.0643548168369689,0.05812445698777902
257,0.32526115415826173,0.4086672654990585,0.1864705604078223,0.05916113425234013,0.02043988568251733
258,0.21564946192520662,0.3930228007285566,0.2255355269960029,0.10344974280766497,0.06234246754256903
259,0.27571864453887523,0.41102158440109215,0.2002008033207723,0.07138414302805728,0.04167482471120284
260,0.13854096152246323,0.39798038881972003,0.2548213604370578,0.14112765553900553,0.06752963368175342
261,0.3817489015567549,0.3849074633292578,0.17428836974392584,0.03278203471383495,0.02627323065622642
262,0.1356319559615185,0.39543765438136846,0.2369984501567437,0.14331956355826822,0.08861237594210124
263,0.2569154645729559,0.4479349239074563,0.20962344192891672,0.05427718721851018,0.03124898237216089
264,0.2507342434991535,0.44568608537339843,0.20484791621770151,0.055212157304373906,0.04351959760537242
265,0.2209158991783631,0.45368997511531084,0.22350928762124478,0.0622230773668989,0.039661760718182365
266,0.42732970633831513,0.3691616663610697,0.1416529089329042,0.040259863123984,0.02159585524372692
267,0.4446577273660396,0.36662455327760235,0.13055016052162136,0.03551064210142398,0.022656916733312896
268,0.15270118809482097,0.3279839396087072,0.3564419621299603,0.0957331562839404,0.06713975388257092
269,0.14012776037171648,0.3497478632201121,0.34069880642357364,0.08057318216105216,0.08885238782354561
270,0.14731506631585423,0.3350399570479828,0.3401640666707493,0.10745231827117128,0.07002859169424236
271,0.23163149604314537,0.40850695100295303,0.2682456692398638,0.06584673724741723,0.025769146466620648
272,0.2847957918515684,0.3895285422015712,0.2744584533074516,0.03978447443556234,0.011432738203846425
273,0.7816309484791284,0.13953172338212919,0.05876786194654446,0.0157293170109132,0.00434014918128466
274,0.8145389060610536,0.11208003876698577,0.05207972580519736,0.014626980759219784,0.006674348607543588
275,0.8369523471410745,0.09929530444967719,0.04645311989663406,0.012548285113148032,0.004750943399466173
276,0.6661737341129937,0.19911026226120665,0.10132170484163117,0.02440037539181111,0.008993923392357349
277,0.7605666560305762,0.16992133765969222,0.05460995668868452,0.009785079061337264,0.005116970559709912
278,0.6865333595179604,0.20509426007769674,0.0899320181685496,0.015214010671081806,0.0032263515647115424
279,0.7533589165487321,0.16607474229074579,0.06625597868591415,0.008929541163431493,0.005380821311176379
280,0.6653815583250331,0.2198822881529307,0.10018546405813589,0.010796964915074288,0.0037537245488260033
281,0.6626292850282789,0.22174439864049492,0.09258350487141415,0.015039008313301907,0.008003803146510094
282,0.6975856016101902,0.18422888276262628,0.0963531411449177,0.01366592751984329,0.008166446962422568
283,0.6616091944710005,0.19296236984121218,0.12016549351264487,0.01728846831180879,0.007974473863333704
284,0.6641292586442177,0.20271907956879706,0.10739943456012989,0.017553679243163756,0.008198547983691618
285,0.6404078318467691,0.1969791710756013,0.12691073370842149,0.019337483532360644,0.016364779836847518
286,0.6637164399141028,0.2030148700773425,0.10377480636163791,0.015819668500899643,0.013674215146017235
287,0.690470722287492,0.1952309232550214,0.089170966625924,0.013698199175816777,0.011429188655745881
288,0.6248395708187342,0.23581922086309604,0.10512091455514919,0.01794842604684304,0.01627186771617745
289,0.5808186593348543,0.25103172575956145,0.12779645969264644,0.023259386874979325,0.01709376833795847
290,0.6948393603931979,0.21082888933057467,0.052486352548621266,0.020484090254927118,0.021361307472679128
291,0.6990035392092394,0.20418092284637823,0.07486699711726223,0.01183612062678826,0.010112420200331937
292,0.5763447555914345,0.2820354560072246,0.10773835210456159,0.017500434956378062,0.016381001340401203
293,0.7054828071366703,0.20671629545215622,0.06858047026277773,0.012559762131551043,0.0066606650168447665
294,0.6749506987167628,0.2179563464777477,0.08369275175769265,0.013869963674236,0.00953023937356075
295,0.6432381362984947,0.22639207612239154,0.10160611016177354,0.017401935172996378,0.011361742244343921
296,0.5252828517646374,0.2628605708411878,0.15950301301924485,0.03330707280319106,0.019046491571738874
297,0.5958281276171848,0.24380273952793813,0.12555828938128577,0.021161076157366607,0.01364976731622474
298,0.6495810237967499,0.21224558914853878,0.10160224163496988,0.02188375696529949,0.014687388454442049
299,0.6128198821508997,0.2106351257397568,0.13978599513411608,0.02400598442534546,0.012753012549882165
300,0.509191289326346,0.251948310455373,0.18349035836355115,0.0370735955618889,0.018296446292840753
301,0.3717264872628219,0.20543935151497775,0.3647385452204051,0.03936603296823547,0.018729583033559597
302,0.5245593591626513,0.19188222393671447,0.24121624301379538,0.03082928726428938,0.011512886622549498
303,0.4939559824309656,0.19223336053170834,0.2609889738600127,0.038573573080619705,0.014248110096693654
304,0.44409358643390107,0.24107525909977098,0.2720449922038913,0.03035744951706734,0.01242871274536921
305,0.43863545219293404,0.22065614738037306,0.30675591977704064,0.027011050744502774,0.006941429905149455
306,0.5113897183000248,0.20985373532818594,0.24088513679657417,0.02472925943885406,0.013142150136360975
307,0.47012153899976283,0.21141160414419435,0.27991072715090276,0.028722398462107147,0.009833731243032806
308,0.4565834600580893,0.2796749763564719,0.22938843417049892,0.024747861945216488,0.009605267469723452
309,0.4664717194866676,0.2645038939306261,0.24804782402005654,0.012489221456256222,0.008487341106393565
310,0.5069012806382535,0.2502437650908987,0.2215913170978679,0.01479788334082989,0.006465753832150141
311,0.7436726126940533,0.21207223309039847,0.0342024394138442,0.006603729488901379,0.003448985312802991
312,0.5656207291322058,0.2277590792955816,0.1824167530734909,0.01789026338013352,0.006313175118587951
313,0.45687034159393053,0.27151971874504083,0.23582424960241344,0.02721473685445236,0.008570953204162754
314,0.6872941469263396,0.24685310361888826,0.04761509538262101,0.009461181791242949,0.008776472280908233
315,0.6156118608875022,0.20819591843186755,0.15260610677584954,0.015267707264558113,0.008318406640222611
316,0.44886113228675556,0.277450319501152,0.23680357868944482,0.026561245910651267,0.010323723611996545
317,0.6127028162340412,0.24937069598829703,0.11399777670795826,0.01658211474064351,0.007346596329059936
318,0.6035941373625271,0.2677725745770055,0.09862102177733914,0.01240995159567666,0.01760231468745168
319,0.5578699548909205,0.30432107266224384,0.11231362114295777,0.0165584030009199,0.008936948302957843
320,0.6387328233068643,0.25670875518380926,0.08585795235704785,0.011153587561827974,0.0075468815904506555
321,0.6503303179872402,0.24201058628691607,0.08149001472692234,0.010521214181168635,0.015647866817752768
322,0.592227847940982,0.26927605329114723,0.1141545763384503,0.015383859818616945,0.008957662610803507
323,0.6537025587697617,0.23462991920941628,0.08735905367406457,0.012085066439496814,0.012223401907260593
324,0.7017114910425756,0.20926152137603451,0.07066939668782854,0.00845278488907595,0.009904806004485456
325,0.611566312653555,0.26079669029557784,0.10140479704999757,0.016146936972286977,0.010085263028582474
326,0.5879347325857316,0.2753153204919601,0.11519316786199003,0.01657752891300434,0.004979250147313869
327,0.5654723230910643,0.2859485351166725,0.12140091149721699,0.017304565078583085,0.00987366521646304
328,0.48674852466916546,0.31078256984247793,0.17531864132136893,0.02178028294910574,0.00536998121788195
329,0.5176070689032727,0.32452867252888234,0.1290517518929708,0.02007786544326098,0.008734641231613143
330,0.627423721889843,0.26908403261106695,0.08206740622087981,0.014406098370146394,0.007018740908063885
331,0.45017413839789383,0.39678027021505285,0.12433069885498524,0.020183304388693504,0.008531588143374737
332,0.2403821631347384,0.4724745536332122,0.2155824832122433,0.05750518040436872,0.01405561961543752
333,0.7344056903159448,0.19278168852312708,0.055882936332460116,0.011810898442676031,0.005118786385791884
334,0.7102179450440055,0.20644169372909482,0.06626867274709065,0.009864895448579327,0.007206793031229648
335,0.7618436673069333,0.1811565755919478,0.04455341102060926,0.00920635605632509,0.003239990024184624
336,0.7676092826912129,0.16067538609549314,0.06025101770191211,0.006426347030947041,0.0050379664804348625
337,0.7513089135540229,0.18888751181057667,0.047794925971035025,0.0073750215552265295,0.004633627109138931
338,0.7806215796737442,0.16650490221446376,0.04344203341500652,0.0059120992338916505,0.0035193854628938802
339,0.7077730961877602,0.20901599732123163,0.07029081714904845,0.008365260647910483,0.004554828694049199
340,0.7731600195617754,0.17047919066431658,0.045436210247853395,0.0071316827031295835,0.003792896822925196
341,0.7481551593542596,0.1861686832431745,0.0548855587633783,0.008032800179444568,0.002757798459742909
342,0.77964743423311,0.16603981788360128,0.04867742058945117,0.003391188397337604,0.0022441388964997474
343,0.7425720584029775,0.18780618336981125,0.057255513314568934,0.007430991871124297,0.004935253041517963
344,0.7587216129412839,0.18068359705524698,0.04993598920409217,0.006603722182254379,0.004055078617122685
345,0.6114616000868518,0.2687918861884069,0.098357928803301,0.016511208271312187,0.004877376650128123
346,0.61365827477302,0.2727924511321056,0.097852223916242,0.013441548936355968,0.0022555012422763657
347,0.5254678028400451,0.3236565223126427,0.12421294341500208,0.015263122251925556,0.011399609180384523
348,0.5692904964412148,0.29114433441689996,0.11415652690503017,0.018718065042287946,0.006690577194567185
349,0.5848210295251397,0.2944144987483604,0.10360418278253163,0.013641999793482263,0.0035182891504861626
350,0.6396490031595671,0.25158696836756056,0.0894042193048816,0.01198044348833022,0.007379365679660647
351,0.7894678566587826,0.150544056677185,0.04935386069084395,0.0062404702286463385,0.004393755744542082
352,0.7151177444019814,0.2176479616371867,0.055534155299171196,0.00829417853632122,0.0034059601253394285
353,0.8088242160081563,0.1329304815535815,0.04686290254997032,0.008267414381974562,0.003114985506317186
354,0.8193804062860921,0.1323511378340452,0.03814315810228455,0.006567028667070832,0.0035582691105071483
355,0.8417102366439378,0.11745166065977604,0.03143081617596145,0.007504544058747653,0.001902742461577166
356,0.25286000743203446,0.4126718915295063,0.26577347721011607,0.05555017247871378,0.01314445134962936
357,0.2481828013828001,0.4214195748355798,0.27096050396170096,0.04837957687238936,0.011057542947529798
358,0.13159054151297112,0.4034013270659626,0.35861168992810993,0.08053993863846155,0.025856502854494656
359,0.11739799264484677,0.4371594946291223,0.33898164523940255,0.07963350179285807,0.02682736569377036
360,0.0980686112220113,0.52022497980619,0.3265849683162284,0.04461282643835804,0.010508614217212175
361,0.0872647162267328,0.44862108145848545,0.3779461081677767,0.06517647840369034,0.020991615743314915
362,0.09769102550899311,0.48616028704021724,0.3332014260251742,0.054883155701729386,0.028064105723886065
363,0.1833277683868787,0.45887407824809606,0.2619145020968467,0.05698166764692394,0.038901983621254584
364,0.1445199515323091,0.4244221312895722,0.351904243846513,0.04471722617296386,0.03443644715864186
365,0.13264456382145107,0.46193114975106875,0.32474102713349606,0.051204565650453636,0.029478693643530503
366,0.1901437531068007,0.4749219084265397,0.2704276439810354,0.04622945565001585,0.018277238835608483
367,0.15326548887936733,0.44587873949404777,0.2868828119087912,0.07318601358020878,0.04078694613758499
368,0.2111850461651691,0.5187661737475483,0.1953920480221693,0.05361790779775394,0.021038824267359476
369,0.22128367848585326,0.4995995325065394,0.20756235223822322,0.0520294619021501,0.019524974867234153
370,0.17450312877161264,0.539761390632645,0.21635399510993858,0.049793541326423114,0.019587944159380657
371,0.2196873807758531,0.502097686690726,0.2047582284988731,0.05254189489808931,0.020914809136458483
372,0.24821990103905206,0.4936071573280732,0.1905293599836958,0.04344495047152254,0.02419863117765632
373,0.16196811900348299,0.5126000304991314,0.235633519460868,0.058094871637097104,0.03170345939942055
374,0.30192437101264097,0.41520049793409414,0.20053795950325115,0.04718328042873386,0.035153891121279875
375,0.23137904657821662,0.45162687912766225,0.20631695584754364,0.055870908869622544,0.054806209576955006
376,0.2711618920747583,0.4494474616132898,0.21006494654697266,0.04750237650749954,0.021823323257479637
377,0.2803613857613276,0.4598266888958482,0.19679636436974093,0.04294229689726601,0.020073264075817387
378,0.3813309657201746,0.37114379006058973,0.17371252359667133,0.038781998498790674,0.035030722123773596
379,0.27078181808434976,0.4842273262148626,0.19029866912403381,0.03788247824396378,0.016809708332789962
380,0.24463132459624728,0.484792968774418,0.2011554650974217,0.045512958980294706,0.02390728255161833
381,0.17313140034847177,0.4548695607864096,0.25764806177461047,0.08191728126147657,0.03243369582903179
382,0.16725799049482984,0.460658625558425,0.23626661553930706,0.08855421169986322,0.04726255670757486
383,0.2221055169391637,0.44344573957991185,0.21765278698153856,0.06835291446854486,0.048443042030840974
384,0.19818352703521014,0.4569301065830773,0.22883077414472866,0.07036815979563292,0.045687432441351074
385,0.22354569260155777,0.5008763848374973,0.22004432832193838,0.037758963566338025,0.017774630672668604
386,0.23557076506626307,0.4802111608427511,0.20026727424641955,0.057953280729115784,0.025997519115450465
387,0.20645667950891863,0.47642246595652393,0.24806011683373502,0.04441656220586898,0.024644175494953548
388,0.22325977688162546,0.49669762147683055,0.20792946531705567,0.04594502019314482,0.026168116131343434
